000000	000000
000001	000000
000002	000000
000003	000000
000004	000000
000005	000015
000006	013639
000007	043622
000008	000209
000009	000320
000010	000278
000011	000338
000012	000448
000013	000680
000014	001070
000015	011088
000016	015053
000017	000914
000018	011400
000019	000184
000020	000049
000021	000040
000022	000054
000023	000069
000024	000068
000025	000044
000026	000029
000027	000040
000028	000037
000029	000033
000030	000021
000031	000019
000032	000012
000033	000013
000034	000010
000035	000007
000036	000004
000037	000011
000038	000003
000039	000007
000040	000006
000041	000003
000042	000003
000043	000004
000044	000002
000045	000003
000046	000000
000047	000005
000048	000003
000049	000005
000050	000001
000051	000004
000052	000000
000053	000001
000054	000000
000055	000000
000056	000002
000057	000002
000058	000001
000059	000006
000060	000001
000061	000003
000062	000002
000063	000002
000064	000000
000065	000001
000066	000001
000067	000001
000068	000006
000069	000001
000070	000000
000071	000001
000072	000000
000073	000002
000074	000004
000075	000004
000076	000002
000077	000003
000078	000001
000079	000001
000080	000001
000081	000000
000082	000001
000083	000001
000084	000001
000085	000001
000086	000002
000087	000002
000088	000000
000089	000000
000090	000000
000091	000001
000092	000001
000093	000004
000094	000002
000095	000000
000096	000001
000097	000001
000098	000001
000099	000001
000100	000002
000101	000000
000102	000000
000103	000002
000104	000000
000105	000000
000106	000000
000107	000001
000108	000001
000109	000000
000110	000003
000111	000001
000112	000000
000113	000001
000114	000000
000115	000000
000116	000001
000117	000000
000118	000003
000119	000001
000120	000001
000121	000001
000122	000001
000123	000000
000124	000000
000125	000000
000126	000001
000127	000000
000128	000002
000129	000000
000130	000002
000131	000000
000132	000000
000133	000000
000134	000001
000135	000003
000136	000000
000137	000001
000138	000002
000139	000001
000140	000000
000141	000001
000142	000000
000143	000001
000144	000002
000145	000000
000146	000001
000147	000000
000148	000000
000149	000002
000150	000001
000151	000002
000152	000001
000153	000000
000154	000000
000155	000001
000156	000001
000157	000000
000158	000001
000159	000000
000160	000000
000161	000000
000162	000001
000163	000000
000164	000001
000165	000002
000166	000000
000167	000000
000168	000001
000169	000000
000170	000000
000171	000000
000172	000000
000173	000000
000174	000000
000175	000000
000176	000001
000177	000000
000178	000000
000179	000001
000180	000000
000181	000000
000182	000000
000183	000000
000184	000001
000185	000000
000186	000000
000187	000000
000188	000000
000189	000000
000190	000001
000191	000000
000192	000000
000193	000000
000194	000000
000195	000000
000196	000000
000197	000000
000198	000002
000199	000000
000200	000000
000201	000000
000202	000001
000203	000000
000204	000000
000205	000000
000206	000000
000207	000000
000208	000000
000209	000000
000210	000000
000211	000000
000212	000000
000213	000001
000214	000000
000215	000000
000216	000000
000217	000001
000218	000000
000219	000000
000220	000000
000221	000000
000222	000000
000223	000000
000224	000000
000225	000000
000226	000000
000227	000001
000228	000000
000229	000000
000230	000000
000231	000001
000232	000000
000233	000000
000234	000000
000235	000000
000236	000000
000237	000000
000238	000001
000239	000000
000240	000000
000241	000000
000242	000000
000243	000000
000244	000000
000245	000000
000246	000000
000247	000000
000248	000000
000249	000000
000250	000000
000251	000000
000252	000000
000253	000000
000254	000000
000255	000000
000256	000000
000257	000000
000258	000000
000259	000000
000260	000000
000261	000000
000262	000000
000263	000000
000264	000000
000265	000000
000266	000000
000267	000000
000268	000000
000269	000000
000270	000000
000271	000000
000272	000000
000273	000000
000274	000000
000275	000000
000276	000000
000277	000001
000278	000000
000279	000000
000280	000000
000281	000000
000282	000000
000283	000000
000284	000000
000285	000000
000286	000000
000287	000000
000288	000000
000289	000000
000290	000000
000291	000000
000292	000000
000293	000000
000294	000000
000295	000000
000296	000000
000297	000000
000298	000000
000299	000000
000300	000000
000301	000000
000302	000000
000303	000000
000304	000000
000305	000000
000306	000000
000307	000000
000308	000000
000309	000000
000310	000000
000311	000000
000312	000000
000313	000000
000314	000000
000315	000000
000316	000000
000317	000000
000318	000000
000319	000000
000320	000000
000321	000000
000322	000000
000323	000000
000324	000000
000325	000000
000326	000000
000327	000000
000328	000000
000329	000000
000330	000000
000331	000000
000332	000000
000333	000000
000334	000000
000335	000000
000336	000000
000337	000000
000338	000000
000339	000000
000340	000000
000341	000000
000342	000000
000343	000000
000344	000000
000345	000000
000346	000000
000347	000000
000348	000000
000349	000000
000350	000000
000351	000000
000352	000000
000353	000000
000354	000000
000355	000000
000356	000000
000357	000000
000358	000000
000359	000000
000360	000000
000361	000000
000362	000000
000363	000000
000364	000000
000365	000000
000366	000000
000367	000000
000368	000000
000369	000000
000370	000000
000371	000000
000372	000000
000373	000000
000374	000000
000375	000000
000376	000000
000377	000000
000378	000000
000379	000000
000380	000000
000381	000000
000382	000000
000383	000000
000384	000000
000385	000000
000386	000000
000387	000000
000388	000000
000389	000000
000390	000000
000391	000000
000392	000000
000393	000000
000394	000000
000395	000000
000396	000000
000397	000000
000398	000000
000399	000000
