000000	000000	000000	000000	000000
000001	000000	000000	000000	000000
000002	000000	000000	000000	000000
000003	000000	000000	000000	000000
000004	000000	000000	000000	000000
000005	000336	000159	000221	000094
000006	123292	285709	299131	167402
000007	2473833	2791770	2792599	2918350
000008	544483	042883	050792	058098
000009	021215	014457	014622	014313
000010	020468	028846	026023	025115
000011	041261	062322	050443	044599
000012	058404	076478	066257	062350
000013	060653	061767	061392	061007
000014	308204	430853	415247	434194
000015	2338766	5494338	4831307	1085632
000016	14892828	16305871	16916203	19460479
000017	1051333	223733	246195	1246282
000018	4306762	836849	902541	735817
000019	646868	135911	109252	506995
000020	044596	051258	039512	050282
000021	023397	026328	030424	029795
000022	011474	019168	021757	018981
000023	008081	017397	020320	019452
000024	005895	013930	014711	011337
000025	004786	017176	020375	010014
000026	003508	019372	021323	010593
000027	002445	016990	017827	008444
000028	001856	008772	011639	006465
000029	001187	004268	007069	004276
000030	000854	002386	003976	002696
000031	000543	001538	002467	001650
000032	000411	000953	001487	000993
000033	000272	000620	000978	000715
000034	000230	000449	000653	000531
000035	000160	000348	000456	000378
000036	000139	000271	000383	000298
000037	000114	000211	000303	000279
000038	000089	000170	000221	000242
000039	000067	000144	000216	000205
000040	000078	000148	000154	000173
000041	000067	000124	000134	000142
000042	000084	000135	000138	000138
000043	000081	000140	000117	000127
000044	000062	000219	000089	000102
000045	000058	000266	000072	000088
000046	000047	000352	000054	000081
000047	000043	000461	000066	000068
000048	000044	000559	000054	000058
000049	000053	000534	000046	000049
000050	000042	000510	000045	000057
000051	000045	000483	000044	000042
000052	000042	000407	000043	000036
000053	000036	000345	000037	000035
000054	000043	000282	000030	000034
000055	000040	000232	000025	000051
000056	000039	000193	000039	000030
000057	000041	000121	000032	000028
000058	000035	000106	000032	000035
000059	000019	000086	000034	000028
000060	000022	000072	000022	000021
000061	000010	000052	000027	000028
000062	000021	000048	000019	000012
000063	000011	000030	000020	000018
000064	000014	000020	000015	000009
000065	000016	000033	000022	000008
000066	000012	000021	000013	000009
000067	000011	000021	000012	000006
000068	000013	000012	000019	000009
000069	000011	000022	000017	000002
000070	000007	000020	000014	000008
000071	000009	000014	000006	000004
000072	000009	000016	000013	000004
000073	000005	000016	000011	000002
000074	000003	000014	000009	000001
000075	000002	000014	000010	000003
000076	000001	000012	000009	000002
000077	000001	000013	000009	000000
000078	000003	000008	000012	000002
000079	000004	000020	000010	000000
000080	000000	000023	000009	000000
000081	000000	000010	000007	000001
000082	000000	000009	000006	000000
000083	000002	000005	000008	000000
000084	000000	000007	000006	000000
000085	000000	000004	000008	000000
000086	000000	000004	000003	000000
000087	000000	000008	000002	000000
000088	000000	000009	000006	000000
000089	000000	000006	000002	000000
000090	000000	000003	000002	000000
000091	000001	000001	000001	000000
000092	000000	000000	000000	000001
000093	000000	000004	000001	000000
000094	000000	000003	000001	000000
000095	000000	000005	000001	000000
000096	000000	000001	000000	000000
000097	000000	000002	000001	000001
000098	000000	000004	000000	000001
000099	000000	000002	000001	000000
000100	000000	000002	000000	000000
000101	000000	000000	000000	000000
000102	000000	000001	000000	000000
000103	000000	000001	000000	000000
000104	000000	000000	000000	000000
000105	000000	000000	000000	000000
000106	000000	000001	000001	000000
000107	000002	000001	000000	000000
000108	000000	000001	000000	000000
000109	000000	000000	000000	000001
000110	000000	000001	000000	000000
000111	000000	000000	000000	000000
000112	000000	000000	000000	000000
000113	000000	000000	000000	000000
000114	000000	000001	000000	000000
000115	000000	000000	000000	000000
000116	000000	000001	000000	000000
000117	000000	000000	000000	000000
000118	000000	000000	000000	000000
000119	000000	000000	000000	000000
