000000	000000
000001	000000
000002	000000
000003	000000
000004	000000
000005	000159
000006	285709
000007	2791770
000008	042883
000009	014457
000010	028846
000011	062322
000012	076478
000013	061767
000014	430853
000015	5494338
000016	16305871
000017	223733
000018	836849
000019	135911
000020	051258
000021	026328
000022	019168
000023	017397
000024	013930
000025	017176
000026	019372
000027	016990
000028	008772
000029	004268
000030	002386
000031	001538
000032	000953
000033	000620
000034	000449
000035	000348
000036	000271
000037	000211
000038	000170
000039	000144
000040	000148
000041	000124
000042	000135
000043	000140
000044	000219
000045	000266
000046	000352
000047	000461
000048	000559
000049	000534
000050	000510
000051	000483
000052	000407
000053	000345
000054	000282
000055	000232
000056	000193
000057	000121
000058	000106
000059	000086
000060	000072
000061	000052
000062	000048
000063	000030
000064	000020
000065	000033
000066	000021
000067	000021
000068	000012
000069	000022
000070	000020
000071	000014
000072	000016
000073	000016
000074	000014
000075	000014
000076	000012
000077	000013
000078	000008
000079	000020
000080	000023
000081	000010
000082	000009
000083	000005
000084	000007
000085	000004
000086	000004
000087	000008
000088	000009
000089	000006
000090	000003
000091	000001
000092	000000
000093	000004
000094	000003
000095	000005
000096	000001
000097	000002
000098	000004
000099	000002
000100	000002
000101	000000
000102	000001
000103	000001
000104	000000
000105	000000
000106	000001
000107	000001
000108	000001
000109	000000
000110	000001
000111	000000
000112	000000
000113	000000
000114	000001
000115	000000
000116	000001
000117	000000
000118	000000
000119	000000
