000000	000000
000001	000000
000002	000000
000003	000000
000004	000000
000005	000221
000006	299131
000007	2792599
000008	050792
000009	014622
000010	026023
000011	050443
000012	066257
000013	061392
000014	415247
000015	4831307
000016	16916203
000017	246195
000018	902541
000019	109252
000020	039512
000021	030424
000022	021757
000023	020320
000024	014711
000025	020375
000026	021323
000027	017827
000028	011639
000029	007069
000030	003976
000031	002467
000032	001487
000033	000978
000034	000653
000035	000456
000036	000383
000037	000303
000038	000221
000039	000216
000040	000154
000041	000134
000042	000138
000043	000117
000044	000089
000045	000072
000046	000054
000047	000066
000048	000054
000049	000046
000050	000045
000051	000044
000052	000043
000053	000037
000054	000030
000055	000025
000056	000039
000057	000032
000058	000032
000059	000034
000060	000022
000061	000027
000062	000019
000063	000020
000064	000015
000065	000022
000066	000013
000067	000012
000068	000019
000069	000017
000070	000014
000071	000006
000072	000013
000073	000011
000074	000009
000075	000010
000076	000009
000077	000009
000078	000012
000079	000010
000080	000009
000081	000007
000082	000006
000083	000008
000084	000006
000085	000008
000086	000003
000087	000002
000088	000006
000089	000002
000090	000002
000091	000001
000092	000000
000093	000001
000094	000001
000095	000001
000096	000000
000097	000001
000098	000000
000099	000001
000100	000000
000101	000000
000102	000000
000103	000000
000104	000000
000105	000000
000106	000001
000107	000000
000108	000000
000109	000000
000110	000000
000111	000000
000112	000000
000113	000000
000114	000000
000115	000000
000116	000000
000117	000000
000118	000000
000119	000000
