000000	000000
000001	000000
000002	000000
000003	000000
000004	000000
000005	000336
000006	123292
000007	2473833
000008	544483
000009	021215
000010	020468
000011	041261
000012	058404
000013	060653
000014	308204
000015	2338766
000016	14892828
000017	1051333
000018	4306762
000019	646868
000020	044596
000021	023397
000022	011474
000023	008081
000024	005895
000025	004786
000026	003508
000027	002445
000028	001856
000029	001187
000030	000854
000031	000543
000032	000411
000033	000272
000034	000230
000035	000160
000036	000139
000037	000114
000038	000089
000039	000067
000040	000078
000041	000067
000042	000084
000043	000081
000044	000062
000045	000058
000046	000047
000047	000043
000048	000044
000049	000053
000050	000042
000051	000045
000052	000042
000053	000036
000054	000043
000055	000040
000056	000039
000057	000041
000058	000035
000059	000019
000060	000022
000061	000010
000062	000021
000063	000011
000064	000014
000065	000016
000066	000012
000067	000011
000068	000013
000069	000011
000070	000007
000071	000009
000072	000009
000073	000005
000074	000003
000075	000002
000076	000001
000077	000001
000078	000003
000079	000004
000080	000000
000081	000000
000082	000000
000083	000002
000084	000000
000085	000000
000086	000000
000087	000000
000088	000000
000089	000000
000090	000000
000091	000001
000092	000000
000093	000000
000094	000000
000095	000000
000096	000000
000097	000000
000098	000000
000099	000000
000100	000000
000101	000000
000102	000000
000103	000000
000104	000000
000105	000000
000106	000000
000107	000002
000108	000000
000109	000000
000110	000000
000111	000000
000112	000000
000113	000000
000114	000000
000115	000000
000116	000000
000117	000000
000118	000000
000119	000000
