000000	000000
000001	000000
000002	000000
000003	000000
000004	000000
000005	000094
000006	167402
000007	2918350
000008	058098
000009	014313
000010	025115
000011	044599
000012	062350
000013	061007
000014	434194
000015	1085632
000016	19460479
000017	1246282
000018	735817
000019	506995
000020	050282
000021	029795
000022	018981
000023	019452
000024	011337
000025	010014
000026	010593
000027	008444
000028	006465
000029	004276
000030	002696
000031	001650
000032	000993
000033	000715
000034	000531
000035	000378
000036	000298
000037	000279
000038	000242
000039	000205
000040	000173
000041	000142
000042	000138
000043	000127
000044	000102
000045	000088
000046	000081
000047	000068
000048	000058
000049	000049
000050	000057
000051	000042
000052	000036
000053	000035
000054	000034
000055	000051
000056	000030
000057	000028
000058	000035
000059	000028
000060	000021
000061	000028
000062	000012
000063	000018
000064	000009
000065	000008
000066	000009
000067	000006
000068	000009
000069	000002
000070	000008
000071	000004
000072	000004
000073	000002
000074	000001
000075	000003
000076	000002
000077	000000
000078	000002
000079	000000
000080	000000
000081	000001
000082	000000
000083	000000
000084	000000
000085	000000
000086	000000
000087	000000
000088	000000
000089	000000
000090	000000
000091	000000
000092	000001
000093	000000
000094	000000
000095	000000
000096	000000
000097	000001
000098	000001
000099	000000
000100	000000
000101	000000
000102	000000
000103	000000
000104	000000
000105	000000
000106	000000
000107	000000
000108	000000
000109	000001
000110	000000
000111	000000
000112	000000
000113	000000
000114	000000
000115	000000
000116	000000
000117	000000
000118	000000
000119	000000
