000000	000000
000001	000000
000002	000000
000003	000000
000004	000000
000005	000277
000006	019218
000007	004936
000008	000364
000009	000093
000010	000039
000011	000404
000012	000509
000013	001281
000014	000116
000015	056464
000016	005414
000017	005149
000018	001710
000019	000090
000020	000442
000021	002479
000022	000198
000023	000054
000024	000269
000025	000110
000026	000061
000027	000063
000028	000051
000029	000031
000030	000023
000031	000029
000032	000013
000033	000012
000034	000007
000035	000003
000036	000003
000037	000002
000038	000005
000039	000002
000040	000005
000041	000006
000042	000005
000043	000005
000044	000002
000045	000000
000046	000002
000047	000002
000048	000004
000049	000000
000050	000002
000051	000002
000052	000001
000053	000000
000054	000001
000055	000000
000056	000000
000057	000001
000058	000001
000059	000001
000060	000001
000061	000001
000062	000002
000063	000003
000064	000000
000065	000001
000066	000001
000067	000000
000068	000000
000069	000002
000070	000000
000071	000001
000072	000000
000073	000000
000074	000001
000075	000003
000076	000000
000077	000000
000078	000001
000079	000001
000080	000001
000081	000000
000082	000001
000083	000001
000084	000000
000085	000000
000086	000000
000087	000000
000088	000000
000089	000001
000090	000000
000091	000002
000092	000000
000093	000000
000094	000001
000095	000000
000096	000000
000097	000000
000098	000000
000099	000001
000100	000001
000101	000000
000102	000000
000103	000000
000104	000000
000105	000001
000106	000000
000107	000000
000108	000000
000109	000000
000110	000000
000111	000000
000112	000000
000113	000001
000114	000000
000115	000000
000116	000000
000117	000000
000118	000000
000119	000001
000120	000000
000121	000000
000122	000000
000123	000001
000124	000001
000125	000000
000126	000000
000127	000000
000128	000000
000129	000001
000130	000000
000131	000000
000132	000000
000133	000000
000134	000000
000135	000000
000136	000000
000137	000000
000138	000000
000139	000000
000140	000001
000141	000000
000142	000000
000143	000000
000144	000000
000145	000000
000146	000000
000147	000000
000148	000000
000149	000000
000150	000000
000151	000000
000152	000000
000153	000000
000154	000001
000155	000000
000156	000000
000157	000000
000158	000000
000159	000000
000160	000000
000161	000000
000162	000000
000163	000000
000164	000000
000165	000000
000166	000000
000167	000001
000168	000000
000169	000000
000170	000000
000171	000000
000172	000000
000173	000000
000174	000000
000175	000000
000176	000000
000177	000000
000178	000000
000179	000000
000180	000000
000181	000000
000182	000000
000183	000000
000184	000000
000185	000000
000186	000000
000187	000000
000188	000000
000189	000000
000190	000000
000191	000000
000192	000000
000193	000000
000194	000000
000195	000000
000196	000000
000197	000000
000198	000000
000199	000000
000200	000000
000201	000000
000202	000000
000203	000000
000204	000000
000205	000000
000206	000000
000207	000000
000208	000000
000209	000000
000210	000000
000211	000000
000212	000000
000213	000000
000214	000000
000215	000000
000216	000000
000217	000000
000218	000000
000219	000000
000220	000000
000221	000000
000222	000000
000223	000000
000224	000000
000225	000000
000226	000001
000227	000000
000228	000000
000229	000000
000230	000000
000231	000000
000232	000000
000233	000000
000234	000000
000235	000000
000236	000000
000237	000000
000238	000000
000239	000000
000240	000000
000241	000000
000242	000000
000243	000000
000244	000000
000245	000000
000246	000000
000247	000000
000248	000000
000249	000000
