000000	000000
000001	000000
000002	000000
000003	000000
000004	000000
000005	050573
000006	1724416
000007	2308838
000008	040525
000009	041135
000010	059279
000011	064237
000012	110094
000013	450836
000014	244655
000015	15289091
000016	4238904
000017	935865
000018	1085157
000019	106086
000020	059046
000021	021703
000022	024187
000023	016956
000024	017225
000025	014149
000026	029969
000027	010731
000028	010583
000029	008402
000030	007350
000031	003450
000032	002330
000033	001695
000034	001226
000035	001039
000036	000791
000037	000734
000038	000647
000039	000565
000040	000517
000041	000472
000042	000459
000043	000436
000044	000372
000045	000373
000046	000367
000047	000338
000048	000356
000049	000311
000050	000304
000051	000286
000052	000256
000053	000243
000054	000260
000055	000271
000056	000226
000057	000233
000058	000212
000059	000212
000060	000227
000061	000245
000062	000191
000063	000170
000064	000184
000065	000188
000066	000197
000067	000172
000068	000177
000069	000157
000070	000161
000071	000129
000072	000156
000073	000145
000074	000162
000075	000146
000076	000146
000077	000143
000078	000146
000079	000157
000080	000156
000081	000159
000082	000164
000083	000137
000084	000139
000085	000124
000086	000103
000087	000122
000088	000102
000089	000117
000090	000125
000091	000126
000092	000086
000093	000118
000094	000106
000095	000090
000096	000092
000097	000090
000098	000099
000099	000089
000100	000080
000101	000072
000102	000075
000103	000077
000104	000076
000105	000072
000106	000091
000107	000080
000108	000093
000109	000073
000110	000076
000111	000082
000112	000075
000113	000080
000114	000068
000115	000078
000116	000085
000117	000086
000118	000070
000119	000053
000120	000079
000121	000076
000122	000073
000123	000073
000124	000060
000125	000067
000126	000078
000127	000063
000128	000094
000129	000060
000130	000079
000131	000054
000132	000094
000133	000075
000134	000079
000135	000067
000136	000066
000137	000068
000138	000042
000139	000050
000140	000055
000141	000046
000142	000034
000143	000037
000144	000052
000145	000051
000146	000044
000147	000044
000148	000040
000149	000051
000150	000029
000151	000055
000152	000053
000153	000042
000154	000040
000155	000040
000156	000056
000157	000034
000158	000052
000159	000049
000160	000038
000161	000036
000162	000036
000163	000040
000164	000048
000165	000030
000166	000028
000167	000020
000168	000025
000169	000022
000170	000022
000171	000020
000172	000026
000173	000018
000174	000025
000175	000018
000176	000014
000177	000020
000178	000018
000179	000022
000180	000014
000181	000026
000182	000015
000183	000018
000184	000020
000185	000024
000186	000018
000187	000027
000188	000014
000189	000020
000190	000020
000191	000018
000192	000015
000193	000018
000194	000022
000195	000022
000196	000026
000197	000016
000198	000020
000199	000008
000200	000009
000201	000016
000202	000013
000203	000013
000204	000008
000205	000013
000206	000009
000207	000005
000208	000007
000209	000006
000210	000012
000211	000008
000212	000010
000213	000008
000214	000006
000215	000002
000216	000006
000217	000016
000218	000010
000219	000007
000220	000005
000221	000006
000222	000007
000223	000010
000224	000003
000225	000006
000226	000002
000227	000006
000228	000007
000229	000005
000230	000007
000231	000005
000232	000006
000233	000003
000234	000007
000235	000000
000236	000004
000237	000005
000238	000003
000239	000002
000240	000002
000241	000007
000242	000003
000243	000006
000244	000002
000245	000002
000246	000000
000247	000002
000248	000003
000249	000002
