000000	000000
000001	000000
000002	000000
000003	000000
000004	000001
000005	017440
000006	1216832
000007	2755107
000008	039697
000009	050121
000010	058374
000011	074273
000012	131552
000013	369586
000014	292431
000015	10673993
000016	8754996
000017	660238
000018	1390886
000019	086342
000020	132830
000021	038745
000022	028935
000023	026660
000024	025907
000025	023717
000026	057736
000027	023954
000028	019389
000029	013499
000030	015586
000031	005846
000032	003571
000033	002309
000034	001632
000035	001100
000036	000854
000037	000597
000038	000492
000039	000405
000040	000356
000041	000279
000042	000288
000043	000224
000044	000245
000045	000171
000046	000186
000047	000179
000048	000152
000049	000145
000050	000115
000051	000126
000052	000121
000053	000117
000054	000101
000055	000095
000056	000077
000057	000095
000058	000102
000059	000078
000060	000084
000061	000066
000062	000067
000063	000054
000064	000037
000065	000045
000066	000032
000067	000028
000068	000021
000069	000037
000070	000015
000071	000021
000072	000021
000073	000011
000074	000011
000075	000011
000076	000013
000077	000012
000078	000006
000079	000018
000080	000011
000081	000010
000082	000008
000083	000009
000084	000016
000085	000010
000086	000012
000087	000006
000088	000013
000089	000012
000090	000005
000091	000005
000092	000010
000093	000008
000094	000004
000095	000010
000096	000006
000097	000012
000098	000007
000099	000007
000100	000008
000101	000010
000102	000004
000103	000009
000104	000009
000105	000009
000106	000011
000107	000005
000108	000003
000109	000004
000110	000003
000111	000007
000112	000009
000113	000008
000114	000003
000115	000008
000116	000004
000117	000009
000118	000002
000119	000004
000120	000008
000121	000002
000122	000001
000123	000001
000124	000005
000125	000003
000126	000004
000127	000002
000128	000001
000129	000002
000130	000003
000131	000001
000132	000001
000133	000005
000134	000004
000135	000001
000136	000002
000137	000009
000138	000004
000139	000008
000140	000003
000141	000005
000142	000004
000143	000002
000144	000003
000145	000000
000146	000001
000147	000003
000148	000002
000149	000004
000150	000002
000151	000004
000152	000004
000153	000001
000154	000001
000155	000003
000156	000002
000157	000002
000158	000002
000159	000002
000160	000001
000161	000003
000162	000000
000163	000003
000164	000001
000165	000000
000166	000004
000167	000001
000168	000005
000169	000000
000170	000000
000171	000002
000172	000003
000173	000001
000174	000001
000175	000000
000176	000001
000177	000001
000178	000003
000179	000002
000180	000003
000181	000000
000182	000001
000183	000000
000184	000000
000185	000000
000186	000002
000187	000002
000188	000000
000189	000002
000190	000002
000191	000001
000192	000002
000193	000001
000194	000001
000195	000000
000196	000000
000197	000001
000198	000000
000199	000002
000200	000001
000201	000001
000202	000002
000203	000001
000204	000002
000205	000000
000206	000000
000207	000000
000208	000000
000209	000000
000210	000001
000211	000000
000212	000001
000213	000000
000214	000000
000215	000002
000216	000000
000217	000000
000218	000000
000219	000000
000220	000002
000221	000001
000222	000000
000223	000000
000224	000000
000225	000000
000226	000000
000227	000000
000228	000001
000229	000000
000230	000000
000231	000001
000232	000000
000233	000000
000234	000000
000235	000000
000236	000000
000237	000001
000238	000000
000239	000000
000240	000001
000241	000000
000242	000000
000243	000001
000244	000001
000245	000000
000246	000000
000247	000000
000248	000000
000249	000001
