000000	000000
000001	000000
000002	000000
000003	000000
000004	000000
000005	001814
000006	1121688
000007	2910295
000008	045579
000009	045542
000010	061958
000011	070883
000012	112189
000013	274398
000014	315751
000015	12120857
000016	7312338
000017	389400
000018	1704678
000019	086465
000020	105481
000021	040951
000022	037041
000023	025835
000024	021313
000025	032024
000026	080543
000027	025595
000028	015264
000029	011863
000030	009149
000031	006009
000032	003715
000033	002505
000034	001614
000035	001122
000036	000755
000037	000598
000038	000448
000039	000376
000040	000298
000041	000282
000042	000260
000043	000192
000044	000167
000045	000177
000046	000167
000047	000129
000048	000119
000049	000113
000050	000148
000051	000106
000052	000104
000053	000096
000054	000096
000055	000093
000056	000094
000057	000095
000058	000079
000059	000084
000060	000070
000061	000061
000062	000065
000063	000061
000064	000044
000065	000049
000066	000036
000067	000036
000068	000025
000069	000025
000070	000011
000071	000014
000072	000017
000073	000016
000074	000014
000075	000013
000076	000011
000077	000016
000078	000011
000079	000010
000080	000006
000081	000013
000082	000009
000083	000010
000084	000004
000085	000007
000086	000009
000087	000008
000088	000009
000089	000006
000090	000007
000091	000006
000092	000011
000093	000010
000094	000003
000095	000005
000096	000007
000097	000006
000098	000010
000099	000005
000100	000004
000101	000007
000102	000006
000103	000003
000104	000002
000105	000007
000106	000009
000107	000004
000108	000006
000109	000005
000110	000008
000111	000004
000112	000004
000113	000007
000114	000011
000115	000004
000116	000004
000117	000002
000118	000004
000119	000003
000120	000002
000121	000005
000122	000008
000123	000005
000124	000003
000125	000005
000126	000004
000127	000003
000128	000005
000129	000006
000130	000004
000131	000003
000132	000002
000133	000005
000134	000004
000135	000005
000136	000000
000137	000003
000138	000004
000139	000001
000140	000004
000141	000002
000142	000004
000143	000003
000144	000004
000145	000002
000146	000003
000147	000000
000148	000003
000149	000002
000150	000001
000151	000000
000152	000003
000153	000002
000154	000004
000155	000001
000156	000003
000157	000002
000158	000001
000159	000003
000160	000001
000161	000000
000162	000002
000163	000001
000164	000001
000165	000000
000166	000003
000167	000000
000168	000003
000169	000003
000170	000001
000171	000003
000172	000000
000173	000003
000174	000002
000175	000000
000176	000001
000177	000002
000178	000000
000179	000001
000180	000000
000181	000003
000182	000000
000183	000002
000184	000001
000185	000001
000186	000001
000187	000001
000188	000001
000189	000001
000190	000000
000191	000000
000192	000001
000193	000000
000194	000000
000195	000000
000196	000002
000197	000000
000198	000000
000199	000001
000200	000000
000201	000001
000202	000000
000203	000001
000204	000000
000205	000003
000206	000000
000207	000001
000208	000001
000209	000001
000210	000000
000211	000002
000212	000001
000213	000000
000214	000001
000215	000000
000216	000001
000217	000002
000218	000000
000219	000001
000220	000001
000221	000000
000222	000000
000223	000001
000224	000000
000225	000001
000226	000000
000227	000001
000228	000001
000229	000002
000230	000000
000231	000000
000232	000000
000233	000001
000234	000000
000235	000000
000236	000000
000237	000000
000238	000000
000239	000001
000240	000001
000241	000000
000242	000000
000243	000000
000244	000001
000245	000000
000246	000000
000247	000000
000248	000000
000249	000000
