000000	000000
000001	000000
000002	000000
000003	000000
000004	000000
000005	006793
000006	1037396
000007	2850015
000008	177561
000009	051248
000010	056158
000011	061255
000012	106562
000013	444076
000014	298612
000015	7926124
000016	10562469
000017	436544
000018	2403564
000019	134508
000020	116317
000021	088487
000022	033466
000023	024534
000024	022314
000025	022081
000026	051613
000027	025515
000028	015526
000029	012027
000030	009304
000031	006476
000032	004456
000033	002993
000034	002084
000035	001428
000036	001024
000037	000801
000038	000604
000039	000513
000040	000410
000041	000361
000042	000306
000043	000310
000044	000267
000045	000233
000046	000233
000047	000202
000048	000202
000049	000172
000050	000168
000051	000157
000052	000149
000053	000142
000054	000144
000055	000111
000056	000110
000057	000115
000058	000102
000059	000104
000060	000101
000061	000097
000062	000083
000063	000059
000064	000072
000065	000046
000066	000056
000067	000047
000068	000049
000069	000040
000070	000029
000071	000035
000072	000022
000073	000032
000074	000025
000075	000022
000076	000018
000077	000010
000078	000024
000079	000012
000080	000021
000081	000013
000082	000017
000083	000009
000084	000013
000085	000016
000086	000011
000087	000014
000088	000009
000089	000008
000090	000008
000091	000010
000092	000005
000093	000013
000094	000014
000095	000010
000096	000013
000097	000007
000098	000010
000099	000005
000100	000011
000101	000010
000102	000007
000103	000010
000104	000008
000105	000006
000106	000007
000107	000006
000108	000009
000109	000012
000110	000005
000111	000004
000112	000003
000113	000006
000114	000006
000115	000008
000116	000008
000117	000007
000118	000004
000119	000005
000120	000005
000121	000005
000122	000007
000123	000012
000124	000005
000125	000006
000126	000001
000127	000000
000128	000005
000129	000005
000130	000004
000131	000010
000132	000004
000133	000004
000134	000005
000135	000004
000136	000002
000137	000003
000138	000003
000139	000002
000140	000001
000141	000006
000142	000005
000143	000009
000144	000001
000145	000004
000146	000001
000147	000005
000148	000004
000149	000002
000150	000005
000151	000002
000152	000007
000153	000004
000154	000004
000155	000002
000156	000007
000157	000006
000158	000003
000159	000001
000160	000003
000161	000001
000162	000003
000163	000002
000164	000000
000165	000006
000166	000002
000167	000002
000168	000002
000169	000003
000170	000002
000171	000005
000172	000003
000173	000002
000174	000001
000175	000003
000176	000001
000177	000001
000178	000001
000179	000001
000180	000001
000181	000000
000182	000001
000183	000001
000184	000003
000185	000001
000186	000001
000187	000001
000188	000001
000189	000003
000190	000003
000191	000001
000192	000001
000193	000000
000194	000001
000195	000000
000196	000001
000197	000001
000198	000000
000199	000000
000200	000000
000201	000000
000202	000000
000203	000000
000204	000000
000205	000002
000206	000000
000207	000001
000208	000000
000209	000001
000210	000000
000211	000000
000212	000000
000213	000001
000214	000000
000215	000001
000216	000000
000217	000002
000218	000000
000219	000000
000220	000000
000221	000000
000222	000001
000223	000001
000224	000000
000225	000000
000226	000003
000227	000001
000228	000000
000229	000000
000230	000000
000231	000000
000232	000000
000233	000000
000234	000000
000235	000001
000236	000002
000237	000000
000238	000000
000239	000000
000240	000000
000241	000000
000242	000000
000243	000000
000244	000000
000245	000000
000246	000000
000247	000001
000248	000000
000249	000000
